0        0.015400
1        0.028928
2        0.043101
3        0.055985
4        0.068869
5        0.082075
6        0.094637
7        0.107843
8        0.120405
9        0.133611
10        0.146173
11        0.158735
12        0.170975
13        0.184503
14        0.196421
15        0.209305
16        0.222833
17        0.235395
18        0.247957
19        0.260519
20        0.272436
21        0.286609
22        0.299493
23        0.311733
24        0.324617
25        0.336534
26        0.350385
27        0.362947
28        0.375509
29        0.388715
30        0.400955
31        0.415127
32        0.428011
33        0.440251
34        0.453779
35        0.465697
36        0.478259
37        0.491143
38        0.505315
39        0.516911
40        0.530117
41        0.541713
42        0.554919
43        0.568125
44        0.580365
45        0.593249
46        0.605811
47        0.619017
48        0.631901
49        0.644463
50        0.657347
51        0.669265
52        0.681827
53        0.694711
54        0.707273
55        0.720801
56        0.733685
57        0.746891
58        0.758165
59        0.771371
60        0.783933
61        0.796495
62        0.810345
63        0.822907
64        0.836757
65        0.848675
66        0.861881
67        0.874121
68        0.887971
69        0.900855
70        0.913095
71        0.925979
72        0.939830
73        0.952714
74        0.964954
75        0.977838
76        0.991044
77        1.003928
78        1.017134
79        1.029696
80        1.042258
81        1.056108
82        1.067704
83        1.080588
84        1.094116
85        1.106678
86        1.120206
87        1.133090
88        1.145652
89        1.158859
90        1.170776
91        1.184627
92        1.196866
93        1.209428
94        1.223279
95        1.236485
96        1.249369
97        1.263219
98        1.276103
99        1.288665
100        1.300905
101        1.314111
102        1.327318
103        1.340524
104        1.354052
105        1.365970
106        1.379820
107        1.392060
108        1.404622
109        1.417184
110        1.429424
111        1.442308
112        1.455192
113        1.468076
114        1.481282
115        1.493844
116        1.507050
117        1.519290
118        1.533141
119        1.545703
120        1.558587
121        1.571793
122        1.584355
123        1.596595
124        1.610123
125        1.622041
126        1.636213
127        1.649741
128        1.662303
129        1.674865
130        1.687749
131        1.700634
132        1.712873
133        1.726080
134        1.739930
135        1.752814
136        1.764410
137        1.777616
138        1.790500
139        1.802740
140        1.816590
141        1.829796
142        1.842681
143        1.855565
144        1.868771
145        1.881977
146        1.894861
147        1.907745
148        1.921596
149        1.933513
150        1.946720
151        1.959604
152        1.972488
153        1.985372
154        1.997612
155        2.010818
156        2.024024
157        2.036264
158        2.049470
159        2.062998
160        2.075238
161        2.087800
162        2.100040
163        2.112924
164        2.124842
165        2.139015
166        2.152221
167        2.166071
168        2.178955
169        2.192806
170        2.204079
171        2.217608
172        2.230170
173        2.243376
174        2.256260
175        2.270110
176        2.283639
177        2.295879
178        2.308441
179        2.320680
180        2.333887
181        2.347415
182        2.359333
183        2.371895
184        2.385101
185        2.397663
186        2.411835
187        2.425364
188        2.438248
189        2.451132
190        2.464016
191        2.476578
192        2.489462
193        2.501380
194        2.515875
195        2.527793
196        2.540032
197        2.554205
198        2.566767
199        2.579651
200        2.592857
201        2.605419
202        2.618948
203        2.632476
204        2.645360
205        2.658244
206        2.670806
207        2.682724
208        2.695930
209        2.709137
210        2.722987
211        2.735227
212        2.748111
213        2.761317
214        2.773235
215        2.786763
216        2.799648
217        2.812532
218        2.825094
219        2.838622
220        2.851828
221        2.864390
222        2.877274
223        2.890481
224        2.902721
225        2.915283
226        2.927845
227        2.940085
228        2.953613
229        2.967141
230        2.979703
231        2.992265
232        3.005149
233        3.018356
234        3.030596
235        3.044124
236        3.055720
237        3.068282
238        3.082132
239        3.095983
240        3.109189
241        3.120785
242        3.133991
243        3.146231
244        3.158793
245        3.172643
246        3.184883
247        3.198090
248        3.210007
249        3.224502
250        3.236098
251        3.249304
252        3.261222
253        3.273784
254        3.286024
255        3.297298